00000000
00000000
00000000

00100000
00100001
00000000
00001010 addi $1 10

00100000
01000010
00000000
00000001 addi $2 1

00000000
01000011
00011000
00100000 add $2 $3 $3

00010100
00100010
10000000
00000011 bne $1 $2 -3

00001000
00000000
00000000
00000111 jump 28

00100000
10000100
00000000
00000100 addi $4 4

00100000
10000100
00000000
00000101 addi $4 5

11111100
00000000
00000000
00000000 nop


00000100
00100010
00000000
00000111 addi

00001100
01000011
00000000
00000001 subi

00110100
01000100
00000000
00101010 ori

10101100
00100010
00000000
00000001 sw

10001100
00100101
00000000
00000001 lw