11111000
00000000
00000000
00000000 nop



00100000
01100011
00000000
00000001 addi $3 1

00100000
00100001
00000000
00000001 addi $1 1

00100000
01000010
00000000
00000001 addi $2 1

00000000
01100011
00011000
00100000 add $3 $3 $3

//00001000
00000000
00000000
00001100 j 12

00010000
00100010
10000000
00000011 beq $1 $2 -3

11111000
00000000
00000000
00000000

11111000
00000000
00000000
00000000






11111000
00000000
00000000
00000000

11111000
00000000
00000000
00000000

11111100
00000000
00000000
00000000



